# index  number of sampling vertical levels i j
1140 18 3848 1603
# k value
1 1.90932
2 1.84297
3 1.68741
4 1.47329
5 1.26578
6 1.16463
9 1.17856
20 1.17939
30 1.17084
40 1.17593
50 1.17416
55 1.18423
60 1.16992
61 1.16233
62 1.19582
63 1.27059
64 1.47329
65 1.68741
# now the complete profile with fillled values
1 1.90932
2 1.84297
3 1.68741
4 1.47329
5 1.26578
6 1.16463
7 1.16927
8 1.17392
9 1.17856
10 1.17863
11 1.17871
12 1.17879
13 1.17886
14 1.17894
15 1.17901
16 1.17909
17 1.17917
18 1.17924
19 1.17932
20 1.17939
21 1.17854
22 1.17768
23 1.17683
24 1.17597
25 1.17512
26 1.17426
27 1.1734
28 1.17255
29 1.17169
30 1.17084
31 1.17135
32 1.17186
33 1.17236
34 1.17287
35 1.17338
36 1.17389
37 1.1744
38 1.17491
39 1.17542
40 1.17593
41 1.17575
42 1.17557
43 1.1754
44 1.17522
45 1.17504
46 1.17486
47 1.17469
48 1.17451
49 1.17433
50 1.17416
51 1.17617
52 1.17819
53 1.1802
54 1.18222
55 1.18423
56 1.18137
57 1.17851
58 1.17564
59 1.17278
60 1.16992
61 1.16233
62 1.19582
63 1.27059
64 1.47329
65 1.68741
