# index  number of sampling vertical levels i j
405 18 735 517
# k value
1 1.7357
2 1.67538
3 1.53397
4 1.33932
5 1.15068
6 1.05873
9 1.07139
20 1.07215
30 1.06437
40 1.069
50 1.06739
55 1.07655
60 1.06354
61 1.05664
62 1.08708
63 1.15506
64 1.33932
65 1.53397
# now the complete profile with fillled values
1 1.7357
2 1.67538
3 1.53397
4 1.33932
5 1.15068
6 1.05873
7 1.06295
8 1.06717
9 1.07139
10 1.07146
11 1.07153
12 1.0716
13 1.07167
14 1.07174
15 1.0718
16 1.07187
17 1.07194
18 1.07201
19 1.07208
20 1.07215
21 1.07137
22 1.07059
23 1.06982
24 1.06904
25 1.06826
26 1.06748
27 1.06671
28 1.06593
29 1.06515
30 1.06437
31 1.06484
32 1.0653
33 1.06576
34 1.06622
35 1.06669
36 1.06715
37 1.06761
38 1.06807
39 1.06854
40 1.069
41 1.06884
42 1.06868
43 1.06852
44 1.06836
45 1.06819
46 1.06803
47 1.06787
48 1.06771
49 1.06755
50 1.06739
51 1.06922
52 1.07105
53 1.07289
54 1.07472
55 1.07655
56 1.07395
57 1.07135
58 1.06874
59 1.06614
60 1.06354
61 1.05664
62 1.08708
63 1.15506
64 1.33932
65 1.53397
