# index  number of sampling vertical levels i j
172 18 3667 48
# k value
1 1.6021
2 1.54642
3 1.4159
4 1.23623
5 1.06211
6 0.977237
9 0.988921
20 0.989623
30 0.982444
40 0.986714
50 0.985228
55 0.993684
60 0.981673
61 0.975309
62 1.00341
63 1.06615
64 1.23623
65 1.4159
# now the complete profile with fillled values
1 1.6021
2 1.54642
3 1.4159
4 1.23623
5 1.06211
6 0.977237
7 0.981132
8 0.985027
9 0.988921
10 0.988985
11 0.989049
12 0.989113
13 0.989177
14 0.98924
15 0.989304
16 0.989368
17 0.989432
18 0.989495
19 0.989559
20 0.989623
21 0.988905
22 0.988187
23 0.987469
24 0.986752
25 0.986034
26 0.985316
27 0.984598
28 0.98388
29 0.983162
30 0.982444
31 0.982871
32 0.983298
33 0.983725
34 0.984152
35 0.984579
36 0.985006
37 0.985433
38 0.98586
39 0.986287
40 0.986714
41 0.986566
42 0.986417
43 0.986269
44 0.98612
45 0.985971
46 0.985823
47 0.985674
48 0.985525
49 0.985377
50 0.985228
51 0.986919
52 0.988611
53 0.990302
54 0.991993
55 0.993684
56 0.991282
57 0.98888
58 0.986477
59 0.984075
60 0.981673
61 0.975309
62 1.00341
63 1.06615
64 1.23623
65 1.4159
