# index  number of sampling vertical levels i j
316 18 661 378
# k value
1 1.70669
2 1.64738
3 1.50833
4 1.31694
5 1.13145
6 1.04104
9 1.05348
20 1.05423
30 1.04658
40 1.05113
50 1.04955
55 1.05856
60 1.04576
61 1.03898
62 1.06891
63 1.13575
64 1.31694
65 1.50833
# now the complete profile with fillled values
1 1.70669
2 1.64738
3 1.50833
4 1.31694
5 1.13145
6 1.04104
7 1.04519
8 1.04933
9 1.05348
10 1.05355
11 1.05362
12 1.05369
13 1.05376
14 1.05382
15 1.05389
16 1.05396
17 1.05403
18 1.0541
19 1.05416
20 1.05423
21 1.05347
22 1.0527
23 1.05194
24 1.05117
25 1.05041
26 1.04964
27 1.04888
28 1.04811
29 1.04735
30 1.04658
31 1.04704
32 1.04749
33 1.04795
34 1.0484
35 1.04886
36 1.04931
37 1.04977
38 1.05022
39 1.05068
40 1.05113
41 1.05097
42 1.05082
43 1.05066
44 1.0505
45 1.05034
46 1.05018
47 1.05002
48 1.04987
49 1.04971
50 1.04955
51 1.05135
52 1.05315
53 1.05495
54 1.05676
55 1.05856
56 1.056
57 1.05344
58 1.05088
59 1.04832
60 1.04576
61 1.03898
62 1.06891
63 1.13575
64 1.31694
65 1.50833
