# index  number of sampling vertical levels i j
1380 18 1410 1953
# k value
1 1.81973
2 1.75649
3 1.60823
4 1.40416
5 1.20639
6 1.10999
9 1.12326
20 1.12405
30 1.1159
40 1.12075
50 1.11906
55 1.12867
60 1.11502
61 1.1078
62 1.13971
63 1.21098
64 1.40416
65 1.60823
# now the complete profile with fillled values
1 1.81973
2 1.75649
3 1.60823
4 1.40416
5 1.20639
6 1.10999
7 1.11441
8 1.11883
9 1.12326
10 1.12333
11 1.1234
12 1.12347
13 1.12355
14 1.12362
15 1.12369
16 1.12376
17 1.12384
18 1.12391
19 1.12398
20 1.12405
21 1.12324
22 1.12242
23 1.12161
24 1.12079
25 1.11998
26 1.11916
27 1.11835
28 1.11753
29 1.11672
30 1.1159
31 1.11639
32 1.11687
33 1.11736
34 1.11784
35 1.11833
36 1.11881
37 1.1193
38 1.11978
39 1.12027
40 1.12075
41 1.12058
42 1.12041
43 1.12024
44 1.12008
45 1.11991
46 1.11974
47 1.11957
48 1.1194
49 1.11923
50 1.11906
51 1.12098
52 1.1229
53 1.12483
54 1.12675
55 1.12867
56 1.12594
57 1.12321
58 1.12048
59 1.11775
60 1.11502
61 1.1078
62 1.13971
63 1.21098
64 1.40416
65 1.60823
