# index  number of sampling vertical levels i j
1467 18 1317 2082
# k value
1 0.63596
2 0.613861
3 0.562047
4 0.490727
5 0.421611
6 0.387919
9 0.392557
20 0.392836
30 0.389986
40 0.391681
50 0.391091
55 0.394448
60 0.38968
61 0.387154
62 0.398307
63 0.423213
64 0.490727
65 0.562047
# now the complete profile with fillled values
1 0.63596
2 0.613861
3 0.562047
4 0.490727
5 0.421611
6 0.387919
7 0.389465
8 0.391011
9 0.392557
10 0.392583
11 0.392608
12 0.392633
13 0.392659
14 0.392684
15 0.392709
16 0.392735
17 0.39276
18 0.392785
19 0.39281
20 0.392836
21 0.392551
22 0.392266
23 0.391981
24 0.391696
25 0.391411
26 0.391126
27 0.390841
28 0.390556
29 0.390271
30 0.389986
31 0.390156
32 0.390325
33 0.390495
34 0.390664
35 0.390834
36 0.391003
37 0.391173
38 0.391342
39 0.391512
40 0.391681
41 0.391622
42 0.391563
43 0.391504
44 0.391445
45 0.391386
46 0.391327
47 0.391268
48 0.391209
49 0.39115
50 0.391091
51 0.391763
52 0.392434
53 0.393105
54 0.393777
55 0.394448
56 0.393494
57 0.392541
58 0.391587
59 0.390634
60 0.38968
61 0.387154
62 0.398307
63 0.423213
64 0.490727
65 0.562047
