# index  number of sampling vertical levels i j
436 18 3770 455
# k value
1 0.630633
2 0.608718
3 0.557339
4 0.486616
5 0.418079
6 0.38467
9 0.389269
20 0.389545
30 0.386719
40 0.3884
50 0.387815
55 0.391144
60 0.386416
61 0.383911
62 0.394971
63 0.419668
64 0.486616
65 0.557339
# now the complete profile with fillled values
1 0.630633
2 0.608718
3 0.557339
4 0.486616
5 0.418079
6 0.38467
7 0.386203
8 0.387736
9 0.389269
10 0.389294
11 0.389319
12 0.389344
13 0.389369
14 0.389395
15 0.38942
16 0.389445
17 0.38947
18 0.389495
19 0.38952
20 0.389545
21 0.389263
22 0.38898
23 0.388697
24 0.388415
25 0.388132
26 0.38785
27 0.387567
28 0.387285
29 0.387002
30 0.386719
31 0.386887
32 0.387056
33 0.387224
34 0.387392
35 0.38756
36 0.387728
37 0.387896
38 0.388064
39 0.388232
40 0.3884
41 0.388342
42 0.388283
43 0.388225
44 0.388166
45 0.388108
46 0.388049
47 0.387991
48 0.387932
49 0.387874
50 0.387815
51 0.388481
52 0.389147
53 0.389812
54 0.390478
55 0.391144
56 0.390198
57 0.389253
58 0.388307
59 0.387361
60 0.386416
61 0.383911
62 0.394971
63 0.419668
64 0.486616
65 0.557339
