# index  number of sampling vertical levels i j
1609 18 2321 2259
# k value
1 0.617955
2 0.596481
3 0.546135
4 0.476833
5 0.409674
6 0.376937
9 0.381443
20 0.381714
30 0.378945
40 0.380592
50 0.380019
55 0.38328
60 0.378647
61 0.376193
62 0.38703
63 0.411231
64 0.476833
65 0.546135
# now the complete profile with fillled values
1 0.617955
2 0.596481
3 0.546135
4 0.476833
5 0.409674
6 0.376937
7 0.378439
8 0.379941
9 0.381443
10 0.381468
11 0.381492
12 0.381517
13 0.381542
14 0.381566
15 0.381591
16 0.381615
17 0.38164
18 0.381665
19 0.381689
20 0.381714
21 0.381437
22 0.38116
23 0.380883
24 0.380606
25 0.380329
26 0.380053
27 0.379776
28 0.379499
29 0.379222
30 0.378945
31 0.37911
32 0.379274
33 0.379439
34 0.379604
35 0.379768
36 0.379933
37 0.380098
38 0.380263
39 0.380427
40 0.380592
41 0.380535
42 0.380477
43 0.38042
44 0.380363
45 0.380305
46 0.380248
47 0.380191
48 0.380133
49 0.380076
50 0.380019
51 0.380671
52 0.381323
53 0.381976
54 0.382628
55 0.38328
56 0.382354
57 0.381427
58 0.380501
59 0.379574
60 0.378647
61 0.376193
62 0.38703
63 0.411231
64 0.476833
65 0.546135
